structure(list(total = c(10836, 6347, 12813, 55305, 8731, 5837, 
11011, 9083, 55950, 22835, 6269, 13655, 6599, 18124, 30826, 43917, 
17827, 24801, 34068, 28307, 34610, 26090, 6192, 31574, 32886, 
61426, 12007, 29696, 30680, 27722, 32338, 45801, 23716, 19102, 
40414, 58025, 261, 11650, 23694, 16401, 12832, 16060, 14848, 
19168, 27737, 33547, 12348, 1006, 6450, 20069, 11266, 41173, 
26371, 15264, 24696, 36270, 2774, 1843, 10133, 12088, 4759, 13817, 
14392, 18263, 22693, 49102, 5613, 15457, 12362, 10142, 43731, 
9017, 14754, 12493, 29181, 9344, 6937, 12073, 47548, 7953, 5334, 
10395, 7937, 48059, 21525, 5515, 12250, 6098, 15950, 20374, 37050, 
17010, 21723, 29632, 26842, 32161, 22256, 5638, 28853, 26929, 
54945, 11643, 25454, 28111, 25404, 29784, 36264, 20083, 16449, 
39890, 50516, 532, 11333, 23301, 16631, 13298, 14533, 12711, 
16698, 27383, 29335, 11513, 938, 5984, 18226, 10411, 37093, 23294, 
14060, 23178, 33461, 3189, 1835, 8673, 10434, 4369, 12377, 12117, 
17671, 21242, 44772, 5072, 13112, 11685, 7968, 38395, 8978, 12283, 
11222, 26490, 14468, 22261, 45979, 105635, 19919, 15111, 23377, 
20590, 92038, 80335, 10104, 24861, 21453, 24254, 30160, 52963, 
30983, 19661, 27768, 51357, 23448, 37271, 6628, 51095, 17934, 
121460, 21697, 32098, 56150, 41674, 46405, 47245, 59916, 44012, 
69705, 13329, 80, 25402, 55426, 38731, 50392, 47546, 42551, 26890, 
62522, 72907, 29819, 1099, 15955, 20396, 22264, 9824, 10850, 
26760, 26681, 45188, 6987, 8146, 11151, 11224, 4939, 16624, 31289, 
36502, 44235, 42524, 22458, 34389, 22124, 20647, 45318, 20470, 
18159, 7190, 33087, 13467, 20635, 41779, 90964, 18673, 13068, 
22196, 20048, 80323, 65869, 9323, 23306, 20374, 23074, 24106, 
46204, 29943, 18591, 26374, 47055, 22561, 27843, 6399, 47510, 
17837, 93234, 17014, 27582, 49552, 38853, 43441, 38990, 50655, 
28348, 62116, 13390, 288, 23335, 50540, 35973, 44281, 44535, 
40881, 25353, 56575, 64404, 29760, 1651, 16677, 20091, 20439, 
10029, 11037, 25861, 25048, 42057, 5319, 7444, 9750, 9722, 4177, 
15899, 27667, 37597, 39768, 40490, 21532, 32934, 22389, 19604, 
42519, 17484, 16949, 6988, 31865, 12169, 23357, 44223, 100526, 
20967, 13108, 15323, 9872, 114734, 63805, 12464, 18963, 23847, 
35442, 30124, 47604, 22961, 23059, 30931, 72584, 39132, 39531, 
4948, 32960, 53672, 150845, 33947, 65357, 54490, 27984, 34064, 
48801, 57906, 53523, 69911, 27242, 1527, 25176, 51449, 48247, 
49513, 42075, 38191, 25270, 77399, 72772, 36933, 1424, 12509, 
33842, 22951, 16149, 16635, 12580, 21586, 64058, 974, 6252, 11866, 
8797, 8332, 16674, 24990, 49478, 41912, 44189, 18125, 28458, 
20804, 27871, 68729, 19236, 23146, 23920, 50568, 11272, 21397, 
40691, 85566, 18348, 11943, 16722, 10467, 90864, 50606, 14566, 
18988, 23909, 31152, 25000, 42558, 19307, 23054, 28898, 61620, 
34983, 34317, 4269, 32847, 47269, 111577, 26255, 48938, 45395, 
26186, 28195, 36804, 41337, 37347, 63361, 26710, 1552, 25564, 
48754, 47417, 48627, 40863, 36704, 24472, 72106, 63502, 34333, 
1654, 12287, 33481, 21632, 16881, 16733, 13148, 20641, 61431, 
2266, 6131, 11034, 7318, 8217, 16563, 24933, 49155, 43656, 42179, 
18839, 27587, 21656, 28035, 64301, 18379, 23114, 23727, 46780, 
1149, 6532, 1168, 34714, 1543, 143, 858, 210, 11655, 9641, 271, 
298, 142, 753, 2968, 964, 476, 425, 433, 10782, 2078, 5159, 60, 
747, 798, 36573, 5275, 17601, 2241, 711, 19340, 1071, 4875, 7094, 
2326, 719, 563, 412, 3547, 624, 2294, 499, 439, 165, 2077, 6361, 
3957, 16, 56, 200, 234, 186, 500, 278, 4500, 1924, 322, 40, 420, 
144, 88, 270, 2381, 4078, 11517, 2787, 65, 1022, 245, 642, 6058, 
252, 135, 1488, 1764, 6202, 5399, 49628, 2383, 693, 1766, 809, 
41417, 31862, 1630, 1089, 445, 5163, 9819, 4480, 3005, 1419, 
2307, 15401, 5350, 14408, 697, 4541, 7904, 111311, 18585, 34707, 
14030, 3837, 28241, 6903, 19492, 27517, 12919, 1628, 535, 1286, 
8146, 2147, 4352, 1521, 1919, 882, 8199, 17599, 12107, 67, 288, 
856, 1172, 398, 706, 593, 3961, 7376, 804, 193, 1010, 479, 742, 
984, 5372, 5370, 13725, 6386, 487, 1317, 337, 1208, 12385, 1685, 
422, 555, 4375), district = structure(c(73L, 51L, 26L, 28L, 62L, 
74L, 11L, 18L, 43L, 69L, 68L, 37L, 49L, 75L, 63L, 67L, 20L, 55L, 
65L, 19L, 40L, 64L, 56L, 17L, 48L, 35L, 10L, 38L, 36L, 66L, 41L, 
57L, 8L, 53L, 12L, 23L, 42L, 39L, 34L, 72L, 71L, 24L, 50L, 2L, 
47L, 60L, 33L, 45L, 46L, 3L, 52L, 59L, 58L, 54L, 61L, 15L, 21L, 
44L, 29L, 31L, 25L, 27L, 14L, 70L, 7L, 9L, 6L, 1L, 5L, 22L, 30L, 
16L, 4L, 13L, 32L, 73L, 51L, 26L, 28L, 62L, 74L, 11L, 18L, 43L, 
69L, 68L, 37L, 49L, 75L, 63L, 67L, 20L, 55L, 65L, 19L, 40L, 64L, 
56L, 17L, 48L, 35L, 10L, 38L, 36L, 66L, 41L, 57L, 8L, 53L, 12L, 
23L, 42L, 39L, 34L, 72L, 71L, 24L, 50L, 2L, 47L, 60L, 33L, 45L, 
46L, 3L, 52L, 59L, 58L, 54L, 61L, 15L, 21L, 44L, 29L, 31L, 25L, 
27L, 14L, 70L, 7L, 9L, 6L, 1L, 5L, 22L, 30L, 16L, 4L, 13L, 32L, 
73L, 51L, 26L, 28L, 62L, 74L, 11L, 18L, 43L, 69L, 68L, 37L, 49L, 
75L, 63L, 67L, 20L, 55L, 65L, 19L, 40L, 64L, 56L, 17L, 48L, 35L, 
10L, 38L, 36L, 66L, 41L, 57L, 8L, 53L, 12L, 23L, 42L, 39L, 34L, 
72L, 71L, 24L, 50L, 2L, 47L, 60L, 33L, 45L, 46L, 3L, 52L, 59L, 
58L, 54L, 61L, 15L, 21L, 44L, 29L, 31L, 25L, 27L, 14L, 70L, 7L, 
9L, 6L, 1L, 5L, 22L, 30L, 16L, 4L, 13L, 32L, 73L, 51L, 26L, 28L, 
62L, 74L, 11L, 18L, 43L, 69L, 68L, 37L, 49L, 75L, 63L, 67L, 20L, 
55L, 65L, 19L, 40L, 64L, 56L, 17L, 48L, 35L, 10L, 38L, 36L, 66L, 
41L, 57L, 8L, 53L, 12L, 23L, 42L, 39L, 34L, 72L, 71L, 24L, 50L, 
2L, 47L, 60L, 33L, 45L, 46L, 3L, 52L, 59L, 58L, 54L, 61L, 15L, 
21L, 44L, 29L, 31L, 25L, 27L, 14L, 70L, 7L, 9L, 6L, 1L, 5L, 22L, 
30L, 16L, 4L, 13L, 32L, 73L, 51L, 26L, 28L, 62L, 74L, 11L, 18L, 
43L, 69L, 68L, 37L, 49L, 75L, 63L, 67L, 20L, 55L, 65L, 19L, 40L, 
64L, 56L, 17L, 48L, 35L, 10L, 38L, 36L, 66L, 41L, 57L, 8L, 53L, 
12L, 23L, 42L, 39L, 34L, 72L, 71L, 24L, 50L, 2L, 47L, 60L, 33L, 
45L, 46L, 3L, 52L, 59L, 58L, 54L, 61L, 15L, 21L, 44L, 29L, 31L, 
25L, 27L, 14L, 70L, 7L, 9L, 6L, 1L, 5L, 22L, 30L, 16L, 4L, 13L, 
32L, 73L, 51L, 26L, 28L, 62L, 74L, 11L, 18L, 43L, 69L, 68L, 37L, 
49L, 75L, 63L, 67L, 20L, 55L, 65L, 19L, 40L, 64L, 56L, 17L, 48L, 
35L, 10L, 38L, 36L, 66L, 41L, 57L, 8L, 53L, 12L, 23L, 42L, 39L, 
34L, 72L, 71L, 24L, 50L, 2L, 47L, 60L, 33L, 45L, 46L, 3L, 52L, 
59L, 58L, 54L, 61L, 15L, 21L, 44L, 29L, 31L, 25L, 27L, 14L, 70L, 
7L, 9L, 6L, 1L, 5L, 22L, 30L, 16L, 4L, 13L, 32L, 73L, 51L, 26L, 
28L, 62L, 74L, 11L, 18L, 43L, 69L, 68L, 37L, 49L, 75L, 63L, 67L, 
20L, 55L, 65L, 19L, 40L, 64L, 56L, 17L, 48L, 35L, 10L, 38L, 36L, 
66L, 41L, 57L, 8L, 53L, 12L, 23L, 42L, 39L, 34L, 72L, 71L, 24L, 
50L, 2L, 47L, 60L, 33L, 45L, 46L, 3L, 52L, 59L, 58L, 54L, 61L, 
15L, 21L, 44L, 29L, 31L, 25L, 27L, 14L, 70L, 7L, 9L, 6L, 1L, 
5L, 22L, 30L, 16L, 13L, 32L, 73L, 51L, 26L, 28L, 62L, 74L, 11L, 
18L, 43L, 69L, 68L, 37L, 49L, 75L, 63L, 67L, 20L, 55L, 65L, 19L, 
40L, 64L, 56L, 17L, 48L, 35L, 10L, 38L, 36L, 66L, 41L, 57L, 8L, 
53L, 12L, 23L, 42L, 39L, 34L, 72L, 71L, 24L, 50L, 2L, 47L, 60L, 
33L, 45L, 46L, 3L, 52L, 59L, 58L, 54L, 61L, 15L, 21L, 44L, 29L, 
31L, 25L, 27L, 14L, 70L, 7L, 9L, 6L, 1L, 5L, 22L, 30L, 16L, 4L, 
13L, 32L), .Label = c("Achham", "Arghakhanchi", "Baglung", "Baitadi", 
"Bajhang", "Bajura", "Banke", "Bara", "Bardiya", "Bhaktapur", 
"Bhojpur", "Chitawan", "Dadeldhura", "Dailekh", "Dang", "Darchula", 
"Dhading", "Dhankuta", "Dhanusa", "Dolakha", "Dolpa", "Doti", 
"Gorkha", "Gulmi", "Humla", "Ilam", "Jajarkot", "Jhapa", "Jumla", 
"Kailali", "Kalikot", "Kanchanpur", "Kapilbastu", "Kaski", "Kathmandu", 
"Kavrepalanchok", "Khotang", "Lalitpur", "Lamjung", "Mahottari", 
"Makwanpur", "Manang", "Morang", "Mugu", "Mustang", "Myagdi", 
"Nawalparasi", "Nuwakot", "Okhaldhunga", "Palpa", "Panchthar", 
"Parbat", "Parsa", "Pyuthan", "Ramechhap", "Rasuwa", "Rautahat", 
"Rolpa", "Rukum", "Rupandehi", "Salyan", "Sankhuwasabha", "Saptari", 
"Sarlahi", "Sindhuli", "Sindhupalchok", "Siraha", "Solukhumbu", 
"Sunsari", "Surkhet", "Syangja", "Tanahu", "Taplejung", "Terhathum", 
"Udayapur"), class = "factor"),